750
322 169
55 40
700 91
749 392
465 622
598 289
657 165
264 735
586 670
762 101
759 525
403 543
221 51
445 619
310 386
750 837
203
793 304
119 988
753 355
630 99
898 929
979 67
882 285
363 894
432 960
161 765
523 408
492 227
600 471
191 8
286
599 947
558 108
985 796
957 643
910 617
633 881
974 415
568 995
79 204
527 714
68 155
758 805
84 262
798 661
998
104 372
97 721
773 422
496 339
512 861
71 30
224 270
484 137
215 937
828 977
608 858
707
190 118
635 840
175 401
902 344
980 797
66 482
102 866
631 72
449 409
945 162
295 438
253 581
564 94
710 414
416
171 124
676 494
585 244
207 553
618 461
237 31
961 444
696 20
127
418 183
552 469
385 915
143 407
487 383
699 847
685 740
53 521
892 249
185 817
131 134
37 808
563 259
335 231
636 327
384 49
96 662
607 832
591
884 513
261
306 15
501 973
436
901 413
427 615
359 562
476 813
940 256
180 27
343 703
497
291 200
478 273
949 835
589 665
821
535 544
542 993
246 760
0 620
269 394
868 130
709 572
580 903
999 795
498 932
782 44
395 153
76 474
250 609
548 475
428 115
3
916 814
711 664
251
637 912
668 410
897 133
128 345
69 26
673 243
928 537
198 653
968 885
663
752 856
349
934 675
86 873
634 458
720 236
883 195
179
783 341
399 150
816 984
117 522
698 52
587 263
578 511
11
824 800
57 716
466 991
64 982
152 744
605
964
48
981 424
324 114
666 454
288 763
788 105
280 794
464 583
47 129
516
909 447
58 726
731 452
717 368
78
442
257 770
82 182
417 686
708
886
457
390 571
904 524
603 88
559
331 144
338 336
54 470
918 490
248 625
337 701
774 566
683 751
206 612
659 846
517 157
398 242
59 12
234 252
806 956
160 405
769 695
660 455
941 402
313
529 330
930 388
715 681
582 833
503 547
601 80
546
149
532
632 307
218 93
810 943
628 321
214 872
875
781 318
172 434
990 156
946 10
834 151
95 920
965 459
193
994
366 862
818 952
36 297
789 853
419 481
651 857
126 528
919 32
100
74
510 376
838 350
65 624
158 138
387
85 674
46 443
927 705
579 518
271 825
61 173
50
479
296
166
168 437
116 147
911 953
958 841
163 146
24
125
951
570
241
266 573
300
89
446
19
298
216
495 6
148
245
210
406
451
745
98
967 290
997
109
820
181
238 879
545 891
779
23
567
596
485
13
606
230
871 371
314
226 737
353 382
302
28
590 426
222
514
92
260
145
768
876 534
2 801
577 188
34
275
70
154
483
595 373
121
201
724
189
223 697
87
211
375 18
81
450
228
281
684 365
272
301
488
736
38
208
645
35
358
233
25
602
29
39
738
996 199
239
899
111
423
756
103
294
4
167
799
265
823
460
654
197
60
9
22
775
441
90
1
83
860
5
652
73
743
364
473
360
120
638
325
644
309
536
505
63
113
287
136
917
43
106
746
170
123 689
468
202
728
254
196
247
255
855
45
209
777
812
629
626
893
347
329
504
732
283
139
550
187
75
616
755
184
178
279
704
174
7
614
176
132
276
42
284
316
889
923
323
135
16
62
576
229
212
107
258
688
907
725
472
955
219
278
761
352
730
780
110
593
400
748
938
293
900
141
122
508
539
303
267
692
274
377
232
317
357
312
803
764
348
439
194
467
815
41
433
77
205
374
425
342
362
142
328
393
225
836
277
361
778
332
213
292
648
509
557
305
56
320
913
370
159
21
33
477
177
391
908
712
431
533
742
551
493
826
356
334
506
315
502
623
397
950
235
519
379
854
694
435
268
677
802
575
970
282
404
723
499
954
346
540
220
319
311
164
463
727
613
369
486
682
914
411
192
561
647
500
906
526
939
462
333
430
507
489
549
412
584
421
530
380
687
326
429
594
830
560
771
396
448
877
17
992
641
597
440
719
962
453
702
888
706
896
480
604
713
627
849
588
520
867
767
649
741
611
848
381
308
140
944
340
739
851
786
565
650
924
640
538
718
354
850
678
747
574
807
541
942
491
351
556
959
515
733
672
809
921
895
240
389
690
729
922
880
639
986
842
646
679
819
791
757
844
420
811
669
865
804
827
722
978
864
869
887
863
14
592
925
569
671
776
655
933
658
787
792
831
784
766
874
772
859
971
931
905
975
822
843
890
936
693
656
621
987
948
852
878
829
972
845
935
456
112
554
785
367
610
839
926
754
963
680
555
734
217
531
870
989
378
667
691
186
299
969
790
976
642
966
983